2009001
2009002
2009003
2009004
2009005
2009006
2009007
2009008
2009009
2009010
2009011
2009012
2009013
2009014
2009015
2009016
2009017
2009018
2009019
2009020
2009021
2009022
2009023
2009024
2009025
2009026
2009027
2009028
2009029
2009030
2009031
2009032
2009033
2009034
2009035
2009036
2009037
2009038
2009039
2009040
2009041
2009042
2009043
2009044
2009045
2009046
2009047
2009048
2009049
2009050
2009051
2009052
2009053
2009054
2009055
2009056
2009057
2009058
2009059
2009060
2009061
2009062
2009063
2009064
2009065
2009066
2009067
2009068
2009069
2009070
2009071
2009072
2009073
2009074
2009075
2009076
2009077
2009078
2009079
2009080	5,3,0
2009081	4,5,6
2009082	3,7,6
2009083	8,7,7
2009084	0,7,6
2009085	8,5,2
2009086	1,6,1
2009087	8,2,1
2009088	8,0,9
2009089	0,4,6
2009090	0,0,3
2009091	8,5,1
2009092	0,8,5
2009093	0,6,9
2009094	2,9,0
2009095	7,9,2
2009096	4,0,2
2009097	4,7,4
2009098	9,3,7
2009099	4,3,6
2009100	5,8,5
2009101	4,8,5
2009102	1,9,7
2009103	7,3,0
2009104	5,1,5
2009105	6,9,1
2009106	5,8,0
2009107	9,8,5
2009108	2,0,7
2009109	8,3,2
2009110	6,0,3
2009111	6,4,5
2009112	4,7,7
2009113	7,0,5
2009114	3,5,9
2009115	0,4,8
2009116	1,9,2
2009117	5,0,5
2009118	6,6,3
2009119	1,4,6
2009120	3,0,1
2009121	1,8,1
2009122	4,3,1
2009123	9,9,2
2009124	2,2,3
2009125	6,4,4
2009126	7,3,6
2009127	5,3,9
2009128	9,7,4
2009129	0,5,6
